290,314
294,281
283,282
265,317
293,301
309,299
296,296
281,295
300,310
293,298
269,284
256,270
288,290
292,313
286,240
277,267
287,290
289,309
286,301
286,278
261,300
290,312
295,273
281,276
247,303
283,303
306,292
293,285
274,298
278,297
298,285
279,290
274,278
300,311
315,334
285,302
279,274
314,295
296,309
280,238
275,265
287,296
294,311
291,288
294,286
257,303
289,309
310,230
270,268
248,304
283,297
298,287
286,292
274,296
301,300
305,312
281,289
277,268
308,307
296,289
277,286
264,268
290,286
289,308
278,265
277,278
273,300
294,312
313,293
295,284
274,327
296,249
304,246
287,273
274,238
289,288
308,296
293,294
281,282
303,306
304,320
275,295
283,284
296,308
296,317
291,303
292,236
275,278
273,290
294,292
273,280
275,300


